ratioD	ratio_off_off
60.00	11.29
88.57	22.58
88.57	22.58
60.00	11.29
88.57	22.58
88.57	22.58
60.00	11.29
88.57	22.58
88.57	22.58
60.00	11.29
88.57	22.58
88.57	22.58
60.00	11.29
94.28	41.93
94.28	41.93
60.00	11.29
94.28	41.93
94.28	41.93
60.00	11.29
94.28	41.93
94.28	41.93
60.00	11.29
94.28	41.93
94.28	41.93
60.00	11.29
100.00	64.51
100.00	64.51
60.00	11.29
100.00	64.51
100.00	64.51
60.00	11.29
100.00	64.51
100.00	64.51
60.00	11.29
100.00	64.51
100.00	64.51
60.00	11.29
100.00	64.51
100.00	64.51
60.00	11.29
100.00	64.51
100.00	64.51
60.00	11.29
100.00	64.51
100.00	64.51
60.00	11.29
100.00	64.51
100.00	64.51
60.00	11.29
88.57	22.58
88.57	22.58
60.00	11.29
88.57	22.58
88.57	22.58
60.00	11.29
88.57	22.58
88.57	22.58
60.00	11.29
88.57	22.58
88.57	22.58
60.00	11.29
94.28	41.93
94.28	41.93
60.00	11.29
94.28	41.93
94.28	41.93
60.00	11.29
94.28	41.93
94.28	41.93
60.00	11.29
94.28	41.93
94.28	41.93
60.00	11.29
100.00	61.29
100.00	61.29
60.00	11.29
100.00	61.29
100.00	61.29
60.00	11.29
100.00	61.29
100.00	61.29
60.00	11.29
100.00	61.29
100.00	61.29
60.00	11.29
100.00	61.29
100.00	61.29
60.00	11.29
100.00	61.29
100.00	61.29
60.00	11.29
100.00	61.29
100.00	61.29
60.00	11.29
100.00	61.29
100.00	61.29
60.00	11.29
88.57	22.58
88.57	22.58
60.00	11.29
88.57	22.58
88.57	22.58
60.00	11.29
88.57	22.58
88.57	22.58
60.00	11.29
88.57	22.58
88.57	22.58
60.00	11.29
94.28	41.93
94.28	41.93
60.00	11.29
94.28	41.93
94.28	41.93
60.00	11.29
94.28	41.93
94.28	41.93
60.00	11.29
94.28	41.93
94.28	41.93
60.00	11.29
94.28	41.93
94.28	41.93
60.00	11.29
94.28	41.93
94.28	41.93
60.00	11.29
94.28	41.93
94.28	41.93
60.00	11.29
94.28	41.93
94.28	41.93
60.00	11.29
94.28	41.93
94.28	41.93
60.00	11.29
94.28	41.93
94.28	41.93
60.00	11.29
94.28	41.93
94.28	41.93
60.00	11.29
94.28	41.93
94.28	41.93
60.00	11.29
88.57	22.58
88.57	22.58
60.00	11.29
88.57	22.58
88.57	22.58
60.00	11.29
88.57	22.58
88.57	22.58
60.00	11.29
88.57	22.58
88.57	22.58
60.00	11.29
91.42	27.41
91.42	27.41
60.00	11.29
91.42	27.41
91.42	27.41
60.00	11.29
91.42	27.41
91.42	27.41
60.00	11.29
91.42	27.41
91.42	27.41
60.00	11.29
91.42	27.41
91.42	27.41
60.00	11.29
91.42	27.41
91.42	27.41
60.00	11.29
91.42	27.41
91.42	27.41
60.00	11.29
91.42	27.41
91.42	27.41
60.00	11.29
91.42	27.41
91.42	27.41
60.00	11.29
91.42	27.41
91.42	27.41
60.00	11.29
91.42	27.41
91.42	27.41
60.00	11.29
91.42	27.41
91.42	27.41
70.83	11.29
91.66	22.58
91.66	22.58
70.83	11.29
91.66	22.58
91.66	22.58
70.83	11.29
91.66	22.58
91.66	22.58
70.83	11.29
91.66	22.58
91.66	22.58
70.83	11.29
100.00	41.93
100.00	41.93
70.83	11.29
100.00	41.93
100.00	41.93
70.83	11.29
100.00	41.93
100.00	41.93
70.83	11.29
100.00	41.93
100.00	41.93
70.83	11.29
100.00	64.51
100.00	64.51
70.83	11.29
100.00	64.51
100.00	64.51
70.83	11.29
100.00	64.51
100.00	64.51
70.83	11.29
100.00	64.51
100.00	64.51
70.83	11.29
100.00	64.51
100.00	64.51
70.83	11.29
100.00	64.51
100.00	64.51
70.83	11.29
100.00	64.51
100.00	64.51
70.83	11.29
100.00	64.51
100.00	64.51
70.83	11.29
91.66	22.58
91.66	22.58
70.83	11.29
91.66	22.58
91.66	22.58
70.83	11.29
91.66	22.58
91.66	22.58
70.83	11.29
91.66	22.58
91.66	22.58
70.83	11.29
100.00	41.93
100.00	41.93
70.83	11.29
100.00	41.93
100.00	41.93
70.83	11.29
100.00	41.93
100.00	41.93
70.83	11.29
100.00	41.93
100.00	41.93
70.83	11.29
100.00	61.29
100.00	61.29
70.83	11.29
100.00	61.29
100.00	61.29
70.83	11.29
100.00	61.29
100.00	61.29
70.83	11.29
100.00	61.29
100.00	61.29
70.83	11.29
100.00	61.29
100.00	61.29
70.83	11.29
100.00	61.29
100.00	61.29
70.83	11.29
100.00	61.29
100.00	61.29
70.83	11.29
100.00	61.29
100.00	61.29
70.83	11.29
91.66	22.58
91.66	22.58
70.83	11.29
91.66	22.58
91.66	22.58
70.83	11.29
91.66	22.58
91.66	22.58
70.83	11.29
91.66	22.58
91.66	22.58
70.83	11.29
100.00	41.93
100.00	41.93
70.83	11.29
100.00	41.93
100.00	41.93
70.83	11.29
100.00	41.93
100.00	41.93
70.83	11.29
100.00	41.93
100.00	41.93
70.83	11.29
100.00	41.93
100.00	41.93
70.83	11.29
100.00	41.93
100.00	41.93
70.83	11.29
100.00	41.93
100.00	41.93
70.83	11.29
100.00	41.93
100.00	41.93
70.83	11.29
100.00	41.93
100.00	41.93
70.83	11.29
100.00	41.93
100.00	41.93
70.83	11.29
100.00	41.93
100.00	41.93
70.83	11.29
100.00	41.93
100.00	41.93
70.83	11.29
91.66	22.58
91.66	22.58
70.83	11.29
91.66	22.58
91.66	22.58
70.83	11.29
91.66	22.58
91.66	22.58
70.83	11.29
91.66	22.58
91.66	22.58
70.83	11.29
95.83	27.41
95.83	27.41
70.83	11.29
95.83	27.41
95.83	27.41
70.83	11.29
95.83	27.41
95.83	27.41
70.83	11.29
95.83	27.41
95.83	27.41
70.83	11.29
95.83	27.41
95.83	27.41
70.83	11.29
95.83	27.41
95.83	27.41
70.83	11.29
95.83	27.41
95.83	27.41
70.83	11.29
95.83	27.41
95.83	27.41
70.83	11.29
95.83	27.41
95.83	27.41
70.83	11.29
95.83	27.41
95.83	27.41
70.83	11.29
95.83	27.41
95.83	27.41
70.83	11.29
95.83	27.41
95.83	27.41
78.57	11.29
92.85	22.58
92.85	22.58
78.57	11.29
92.85	22.58
92.85	22.58
78.57	11.29
92.85	22.58
92.85	22.58
78.57	11.29
92.85	22.58
92.85	22.58
78.57	11.29
100.00	41.93
100.00	41.93
78.57	11.29
100.00	41.93
100.00	41.93
78.57	11.29
100.00	41.93
100.00	41.93
78.57	11.29
100.00	41.93
100.00	41.93
78.57	11.29
100.00	64.51
100.00	64.51
78.57	11.29
100.00	64.51
100.00	64.51
78.57	11.29
100.00	64.51
100.00	64.51
78.57	11.29
100.00	64.51
100.00	64.51
78.57	11.29
100.00	64.51
100.00	64.51
78.57	11.29
100.00	64.51
100.00	64.51
78.57	11.29
100.00	64.51
100.00	64.51
78.57	11.29
100.00	64.51
100.00	64.51
78.57	11.29
92.85	22.58
92.85	22.58
78.57	11.29
92.85	22.58
92.85	22.58
78.57	11.29
92.85	22.58
92.85	22.58
78.57	11.29
92.85	22.58
92.85	22.58
78.57	11.29
100.00	41.93
100.00	41.93
78.57	11.29
100.00	41.93
100.00	41.93
78.57	11.29
100.00	41.93
100.00	41.93
78.57	11.29
100.00	41.93
100.00	41.93
78.57	11.29
100.00	61.29
100.00	61.29
78.57	11.29
100.00	61.29
100.00	61.29
78.57	11.29
100.00	61.29
100.00	61.29
78.57	11.29
100.00	61.29
100.00	61.29
78.57	11.29
100.00	61.29
100.00	61.29
78.57	11.29
100.00	61.29
100.00	61.29
78.57	11.29
100.00	61.29
100.00	61.29
78.57	11.29
100.00	61.29
100.00	61.29
78.57	11.29
92.85	22.58
92.85	22.58
78.57	11.29
92.85	22.58
92.85	22.58
78.57	11.29
92.85	22.58
92.85	22.58
78.57	11.29
92.85	22.58
92.85	22.58
78.57	11.29
100.00	41.93
100.00	41.93
78.57	11.29
100.00	41.93
100.00	41.93
78.57	11.29
100.00	41.93
100.00	41.93
78.57	11.29
100.00	41.93
100.00	41.93
78.57	11.29
100.00	41.93
100.00	41.93
78.57	11.29
100.00	41.93
100.00	41.93
78.57	11.29
100.00	41.93
100.00	41.93
78.57	11.29
100.00	41.93
100.00	41.93
78.57	11.29
100.00	41.93
100.00	41.93
78.57	11.29
100.00	41.93
100.00	41.93
78.57	11.29
100.00	41.93
100.00	41.93
78.57	11.29
100.00	41.93
100.00	41.93
78.57	11.29
92.85	22.58
92.85	22.58
78.57	11.29
92.85	22.58
92.85	22.58
78.57	11.29
92.85	22.58
92.85	22.58
78.57	11.29
92.85	22.58
92.85	22.58
78.57	11.29
92.85	27.41
92.85	27.41
78.57	11.29
92.85	27.41
92.85	27.41
78.57	11.29
92.85	27.41
92.85	27.41
78.57	11.29
92.85	27.41
92.85	27.41
78.57	11.29
92.85	27.41
92.85	27.41
78.57	11.29
92.85	27.41
92.85	27.41
78.57	11.29
92.85	27.41
92.85	27.41
78.57	11.29
92.85	27.41
92.85	27.41
78.57	11.29
92.85	27.41
92.85	27.41
78.57	11.29
92.85	27.41
92.85	27.41
78.57	11.29
92.85	27.41
92.85	27.41
78.57	11.29
92.85	27.41
92.85	27.41
88.88	11.29
100.00	22.58
100.00	22.58
88.88	11.29
100.00	22.58
100.00	22.58
88.88	11.29
100.00	22.58
100.00	22.58
88.88	11.29
100.00	22.58
100.00	22.58
88.88	11.29
100.00	41.93
100.00	41.93
88.88	11.29
100.00	41.93
100.00	41.93
88.88	11.29
100.00	41.93
100.00	41.93
88.88	11.29
100.00	41.93
100.00	41.93
88.88	11.29
100.00	64.51
100.00	64.51
88.88	11.29
100.00	64.51
100.00	64.51
88.88	11.29
100.00	64.51
100.00	64.51
88.88	11.29
100.00	64.51
100.00	64.51
88.88	11.29
100.00	64.51
100.00	64.51
88.88	11.29
100.00	64.51
100.00	64.51
88.88	11.29
100.00	64.51
100.00	64.51
88.88	11.29
100.00	64.51
100.00	64.51
88.88	11.29
100.00	22.58
100.00	22.58
88.88	11.29
100.00	22.58
100.00	22.58
88.88	11.29
100.00	22.58
100.00	22.58
88.88	11.29
100.00	22.58
100.00	22.58
88.88	11.29
100.00	41.93
100.00	41.93
88.88	11.29
100.00	41.93
100.00	41.93
88.88	11.29
100.00	41.93
100.00	41.93
88.88	11.29
100.00	41.93
100.00	41.93
88.88	11.29
100.00	61.29
100.00	61.29
88.88	11.29
100.00	61.29
100.00	61.29
88.88	11.29
100.00	61.29
100.00	61.29
88.88	11.29
100.00	61.29
100.00	61.29
88.88	11.29
100.00	61.29
100.00	61.29
88.88	11.29
100.00	61.29
100.00	61.29
88.88	11.29
100.00	61.29
100.00	61.29
88.88	11.29
100.00	61.29
100.00	61.29
88.88	11.29
100.00	22.58
100.00	22.58
88.88	11.29
100.00	22.58
100.00	22.58
88.88	11.29
100.00	22.58
100.00	22.58
88.88	11.29
100.00	22.58
100.00	22.58
88.88	11.29
100.00	41.93
100.00	41.93
88.88	11.29
100.00	41.93
100.00	41.93
88.88	11.29
100.00	41.93
100.00	41.93
88.88	11.29
100.00	41.93
100.00	41.93
88.88	11.29
100.00	41.93
100.00	41.93
88.88	11.29
100.00	41.93
100.00	41.93
88.88	11.29
100.00	41.93
100.00	41.93
88.88	11.29
100.00	41.93
100.00	41.93
88.88	11.29
100.00	41.93
100.00	41.93
88.88	11.29
100.00	41.93
100.00	41.93
88.88	11.29
100.00	41.93
100.00	41.93
88.88	11.29
100.00	41.93
100.00	41.93
88.88	11.29
100.00	22.58
100.00	22.58
88.88	11.29
100.00	22.58
100.00	22.58
88.88	11.29
100.00	22.58
100.00	22.58
88.88	11.29
100.00	22.58
100.00	22.58
88.88	11.29
100.00	27.41
100.00	27.41
88.88	11.29
100.00	27.41
100.00	27.41
88.88	11.29
100.00	27.41
100.00	27.41
88.88	11.29
100.00	27.41
100.00	27.41
88.88	11.29
100.00	27.41
100.00	27.41
88.88	11.29
100.00	27.41
100.00	27.41
88.88	11.29
100.00	27.41
100.00	27.41
88.88	11.29
100.00	27.41
100.00	27.41
88.88	11.29
100.00	27.41
100.00	27.41
88.88	11.29
100.00	27.41
100.00	27.41
88.88	11.29
100.00	27.41
100.00	27.41
88.88	11.29
100.00	27.41
100.00	27.41
