ratioD	ratio_off_off
91.42	24.19
91.42	24.19
91.42	24.19
88.57	22.58
42.85	3.22
91.42	24.19
91.42	24.19
91.42	24.19
88.57	22.58
42.85	3.22
91.42	24.19
91.42	24.19
91.42	24.19
88.57	22.58
42.85	3.22
91.42	24.19
91.42	24.19
91.42	24.19
88.57	22.58
42.85	3.22
97.14	53.22
97.14	50.00
97.14	46.77
94.28	41.93
42.85	3.22
97.14	53.22
97.14	50.00
97.14	46.77
94.28	41.93
42.85	3.22
97.14	50.00
97.14	50.00
97.14	46.77
94.28	41.93
42.85	3.22
97.14	48.38
97.14	48.38
97.14	46.77
94.28	41.93
42.85	3.22
100.00	75.80
100.00	75.80
100.00	67.74
100.00	64.51
42.85	3.22
100.00	75.80
100.00	75.80
100.00	67.74
100.00	64.51
42.85	3.22
100.00	75.80
100.00	75.80
100.00	67.74
100.00	64.51
42.85	3.22
100.00	74.19
100.00	74.19
100.00	67.74
100.00	64.51
42.85	3.22
100.00	79.03
100.00	77.41
100.00	72.58
100.00	64.51
42.85	3.22
100.00	79.03
100.00	77.41
100.00	72.58
100.00	64.51
42.85	3.22
100.00	77.41
100.00	77.41
100.00	72.58
100.00	64.51
42.85	3.22
100.00	75.80
100.00	75.80
100.00	72.58
100.00	64.51
42.85	3.22
91.42	24.19
91.42	24.19
91.42	24.19
88.57	22.58
42.85	3.22
91.42	24.19
91.42	24.19
91.42	24.19
88.57	22.58
42.85	3.22
91.42	24.19
91.42	24.19
91.42	24.19
88.57	22.58
42.85	3.22
91.42	24.19
91.42	24.19
91.42	24.19
88.57	22.58
42.85	3.22
97.14	53.22
97.14	50.00
97.14	46.77
94.28	41.93
42.85	3.22
97.14	53.22
97.14	50.00
97.14	46.77
94.28	41.93
42.85	3.22
97.14	50.00
97.14	50.00
97.14	46.77
94.28	41.93
42.85	3.22
97.14	48.38
97.14	48.38
97.14	46.77
94.28	41.93
42.85	3.22
100.00	69.35
100.00	67.74
100.00	64.51
100.00	61.29
42.85	3.22
100.00	69.35
100.00	67.74
100.00	64.51
100.00	61.29
42.85	3.22
100.00	67.74
100.00	67.74
100.00	64.51
100.00	61.29
42.85	3.22
100.00	66.12
100.00	66.12
100.00	64.51
100.00	61.29
42.85	3.22
100.00	69.35
100.00	67.74
100.00	64.51
100.00	61.29
42.85	3.22
100.00	69.35
100.00	67.74
100.00	64.51
100.00	61.29
42.85	3.22
100.00	67.74
100.00	67.74
100.00	64.51
100.00	61.29
42.85	3.22
100.00	66.12
100.00	66.12
100.00	64.51
100.00	61.29
42.85	3.22
91.42	24.19
91.42	24.19
91.42	24.19
88.57	22.58
42.85	3.22
91.42	24.19
91.42	24.19
91.42	24.19
88.57	22.58
42.85	3.22
91.42	24.19
91.42	24.19
91.42	24.19
88.57	22.58
42.85	3.22
91.42	24.19
91.42	24.19
91.42	24.19
88.57	22.58
42.85	3.22
94.28	46.77
94.28	46.77
94.28	45.16
94.28	41.93
42.85	3.22
94.28	46.77
94.28	46.77
94.28	45.16
94.28	41.93
42.85	3.22
94.28	46.77
94.28	46.77
94.28	45.16
94.28	41.93
42.85	3.22
94.28	45.16
94.28	45.16
94.28	45.16
94.28	41.93
42.85	3.22
94.28	46.77
94.28	46.77
94.28	45.16
94.28	41.93
42.85	3.22
94.28	46.77
94.28	46.77
94.28	45.16
94.28	41.93
42.85	3.22
94.28	46.77
94.28	46.77
94.28	45.16
94.28	41.93
42.85	3.22
94.28	45.16
94.28	45.16
94.28	45.16
94.28	41.93
42.85	3.22
94.28	46.77
94.28	46.77
94.28	45.16
94.28	41.93
42.85	3.22
94.28	46.77
94.28	46.77
94.28	45.16
94.28	41.93
42.85	3.22
94.28	46.77
94.28	46.77
94.28	45.16
94.28	41.93
42.85	3.22
94.28	45.16
94.28	45.16
94.28	45.16
94.28	41.93
42.85	3.22
91.42	24.19
91.42	24.19
91.42	24.19
88.57	22.58
42.85	3.22
91.42	24.19
91.42	24.19
91.42	24.19
88.57	22.58
42.85	3.22
91.42	24.19
91.42	24.19
91.42	24.19
88.57	22.58
42.85	3.22
91.42	24.19
91.42	24.19
91.42	24.19
88.57	22.58
42.85	3.22
91.42	29.03
91.42	29.03
91.42	29.03
91.42	27.41
42.85	3.22
91.42	29.03
91.42	29.03
91.42	29.03
91.42	27.41
42.85	3.22
91.42	29.03
91.42	29.03
91.42	29.03
91.42	27.41
42.85	3.22
91.42	29.03
91.42	29.03
91.42	29.03
91.42	27.41
42.85	3.22
91.42	29.03
91.42	29.03
91.42	29.03
91.42	27.41
42.85	3.22
91.42	29.03
91.42	29.03
91.42	29.03
91.42	27.41
42.85	3.22
91.42	29.03
91.42	29.03
91.42	29.03
91.42	27.41
42.85	3.22
91.42	29.03
91.42	29.03
91.42	29.03
91.42	27.41
42.85	3.22
91.42	29.03
91.42	29.03
91.42	29.03
91.42	27.41
42.85	3.22
91.42	29.03
91.42	29.03
91.42	29.03
91.42	27.41
42.85	3.22
91.42	29.03
91.42	29.03
91.42	29.03
91.42	27.41
42.85	3.22
91.42	29.03
91.42	29.03
91.42	29.03
91.42	27.41
42.85	3.22
95.83	24.19
95.83	24.19
95.83	24.19
91.66	22.58
54.16	3.22
95.83	24.19
95.83	24.19
95.83	24.19
91.66	22.58
54.16	3.22
95.83	24.19
95.83	24.19
95.83	24.19
91.66	22.58
54.16	3.22
95.83	24.19
95.83	24.19
95.83	24.19
91.66	22.58
54.16	3.22
100.00	53.22
100.00	50.00
100.00	46.77
100.00	41.93
54.16	3.22
100.00	53.22
100.00	50.00
100.00	46.77
100.00	41.93
54.16	3.22
100.00	50.00
100.00	50.00
100.00	46.77
100.00	41.93
54.16	3.22
100.00	48.38
100.00	48.38
100.00	46.77
100.00	41.93
54.16	3.22
100.00	75.80
100.00	75.80
100.00	67.74
100.00	64.51
54.16	3.22
100.00	75.80
100.00	75.80
100.00	67.74
100.00	64.51
54.16	3.22
100.00	75.80
100.00	75.80
100.00	67.74
100.00	64.51
54.16	3.22
100.00	74.19
100.00	74.19
100.00	67.74
100.00	64.51
54.16	3.22
100.00	79.03
100.00	77.41
100.00	72.58
100.00	64.51
54.16	3.22
100.00	79.03
100.00	77.41
100.00	72.58
100.00	64.51
54.16	3.22
100.00	77.41
100.00	77.41
100.00	72.58
100.00	64.51
54.16	3.22
100.00	75.80
100.00	75.80
100.00	72.58
100.00	64.51
54.16	3.22
95.83	24.19
95.83	24.19
95.83	24.19
91.66	22.58
54.16	3.22
95.83	24.19
95.83	24.19
95.83	24.19
91.66	22.58
54.16	3.22
95.83	24.19
95.83	24.19
95.83	24.19
91.66	22.58
54.16	3.22
95.83	24.19
95.83	24.19
95.83	24.19
91.66	22.58
54.16	3.22
100.00	53.22
100.00	50.00
100.00	46.77
100.00	41.93
54.16	3.22
100.00	53.22
100.00	50.00
100.00	46.77
100.00	41.93
54.16	3.22
100.00	50.00
100.00	50.00
100.00	46.77
100.00	41.93
54.16	3.22
100.00	48.38
100.00	48.38
100.00	46.77
100.00	41.93
54.16	3.22
100.00	69.35
100.00	67.74
100.00	64.51
100.00	61.29
54.16	3.22
100.00	69.35
100.00	67.74
100.00	64.51
100.00	61.29
54.16	3.22
100.00	67.74
100.00	67.74
100.00	64.51
100.00	61.29
54.16	3.22
100.00	66.12
100.00	66.12
100.00	64.51
100.00	61.29
54.16	3.22
100.00	69.35
100.00	67.74
100.00	64.51
100.00	61.29
54.16	3.22
100.00	69.35
100.00	67.74
100.00	64.51
100.00	61.29
54.16	3.22
100.00	67.74
100.00	67.74
100.00	64.51
100.00	61.29
54.16	3.22
100.00	66.12
100.00	66.12
100.00	64.51
100.00	61.29
54.16	3.22
95.83	24.19
95.83	24.19
95.83	24.19
91.66	22.58
54.16	3.22
95.83	24.19
95.83	24.19
95.83	24.19
91.66	22.58
54.16	3.22
95.83	24.19
95.83	24.19
95.83	24.19
91.66	22.58
54.16	3.22
95.83	24.19
95.83	24.19
95.83	24.19
91.66	22.58
54.16	3.22
100.00	46.77
100.00	46.77
100.00	45.16
100.00	41.93
54.16	3.22
100.00	46.77
100.00	46.77
100.00	45.16
100.00	41.93
54.16	3.22
100.00	46.77
100.00	46.77
100.00	45.16
100.00	41.93
54.16	3.22
100.00	45.16
100.00	45.16
100.00	45.16
100.00	41.93
54.16	3.22
100.00	46.77
100.00	46.77
100.00	45.16
100.00	41.93
54.16	3.22
100.00	46.77
100.00	46.77
100.00	45.16
100.00	41.93
54.16	3.22
100.00	46.77
100.00	46.77
100.00	45.16
100.00	41.93
54.16	3.22
100.00	45.16
100.00	45.16
100.00	45.16
100.00	41.93
54.16	3.22
100.00	46.77
100.00	46.77
100.00	45.16
100.00	41.93
54.16	3.22
100.00	46.77
100.00	46.77
100.00	45.16
100.00	41.93
54.16	3.22
100.00	46.77
100.00	46.77
100.00	45.16
100.00	41.93
54.16	3.22
100.00	45.16
100.00	45.16
100.00	45.16
100.00	41.93
54.16	3.22
95.83	24.19
95.83	24.19
95.83	24.19
91.66	22.58
54.16	3.22
95.83	24.19
95.83	24.19
95.83	24.19
91.66	22.58
54.16	3.22
95.83	24.19
95.83	24.19
95.83	24.19
91.66	22.58
54.16	3.22
95.83	24.19
95.83	24.19
95.83	24.19
91.66	22.58
54.16	3.22
95.83	29.03
95.83	29.03
95.83	29.03
95.83	27.41
54.16	3.22
95.83	29.03
95.83	29.03
95.83	29.03
95.83	27.41
54.16	3.22
95.83	29.03
95.83	29.03
95.83	29.03
95.83	27.41
54.16	3.22
95.83	29.03
95.83	29.03
95.83	29.03
95.83	27.41
54.16	3.22
95.83	29.03
95.83	29.03
95.83	29.03
95.83	27.41
54.16	3.22
95.83	29.03
95.83	29.03
95.83	29.03
95.83	27.41
54.16	3.22
95.83	29.03
95.83	29.03
95.83	29.03
95.83	27.41
54.16	3.22
95.83	29.03
95.83	29.03
95.83	29.03
95.83	27.41
54.16	3.22
95.83	29.03
95.83	29.03
95.83	29.03
95.83	27.41
54.16	3.22
95.83	29.03
95.83	29.03
95.83	29.03
95.83	27.41
54.16	3.22
95.83	29.03
95.83	29.03
95.83	29.03
95.83	27.41
54.16	3.22
95.83	29.03
95.83	29.03
95.83	29.03
95.83	27.41
54.16	3.22
92.85	24.19
92.85	24.19
92.85	24.19
92.85	22.58
57.14	3.22
92.85	24.19
92.85	24.19
92.85	24.19
92.85	22.58
57.14	3.22
92.85	24.19
92.85	24.19
92.85	24.19
92.85	22.58
57.14	3.22
92.85	24.19
92.85	24.19
92.85	24.19
92.85	22.58
57.14	3.22
100.00	53.22
100.00	50.00
100.00	46.77
100.00	41.93
57.14	3.22
100.00	53.22
100.00	50.00
100.00	46.77
100.00	41.93
57.14	3.22
100.00	50.00
100.00	50.00
100.00	46.77
100.00	41.93
57.14	3.22
100.00	48.38
100.00	48.38
100.00	46.77
100.00	41.93
57.14	3.22
100.00	75.80
100.00	75.80
100.00	67.74
100.00	64.51
57.14	3.22
100.00	75.80
100.00	75.80
100.00	67.74
100.00	64.51
57.14	3.22
100.00	75.80
100.00	75.80
100.00	67.74
100.00	64.51
57.14	3.22
100.00	74.19
100.00	74.19
100.00	67.74
100.00	64.51
57.14	3.22
100.00	79.03
100.00	77.41
100.00	72.58
100.00	64.51
57.14	3.22
100.00	79.03
100.00	77.41
100.00	72.58
100.00	64.51
57.14	3.22
100.00	77.41
100.00	77.41
100.00	72.58
100.00	64.51
57.14	3.22
100.00	75.80
100.00	75.80
100.00	72.58
100.00	64.51
57.14	3.22
92.85	24.19
92.85	24.19
92.85	24.19
92.85	22.58
57.14	3.22
92.85	24.19
92.85	24.19
92.85	24.19
92.85	22.58
57.14	3.22
92.85	24.19
92.85	24.19
92.85	24.19
92.85	22.58
57.14	3.22
92.85	24.19
92.85	24.19
92.85	24.19
92.85	22.58
57.14	3.22
100.00	53.22
100.00	50.00
100.00	46.77
100.00	41.93
57.14	3.22
100.00	53.22
100.00	50.00
100.00	46.77
100.00	41.93
57.14	3.22
100.00	50.00
100.00	50.00
100.00	46.77
100.00	41.93
57.14	3.22
100.00	48.38
100.00	48.38
100.00	46.77
100.00	41.93
57.14	3.22
100.00	69.35
100.00	67.74
100.00	64.51
100.00	61.29
57.14	3.22
100.00	69.35
100.00	67.74
100.00	64.51
100.00	61.29
57.14	3.22
100.00	67.74
100.00	67.74
100.00	64.51
100.00	61.29
57.14	3.22
100.00	66.12
100.00	66.12
100.00	64.51
100.00	61.29
57.14	3.22
100.00	69.35
100.00	67.74
100.00	64.51
100.00	61.29
57.14	3.22
100.00	69.35
100.00	67.74
100.00	64.51
100.00	61.29
57.14	3.22
100.00	67.74
100.00	67.74
100.00	64.51
100.00	61.29
57.14	3.22
100.00	66.12
100.00	66.12
100.00	64.51
100.00	61.29
57.14	3.22
92.85	24.19
92.85	24.19
92.85	24.19
92.85	22.58
57.14	3.22
92.85	24.19
92.85	24.19
92.85	24.19
92.85	22.58
57.14	3.22
92.85	24.19
92.85	24.19
92.85	24.19
92.85	22.58
57.14	3.22
92.85	24.19
92.85	24.19
92.85	24.19
92.85	22.58
57.14	3.22
100.00	46.77
100.00	46.77
100.00	45.16
100.00	41.93
57.14	3.22
100.00	46.77
100.00	46.77
100.00	45.16
100.00	41.93
57.14	3.22
100.00	46.77
100.00	46.77
100.00	45.16
100.00	41.93
57.14	3.22
100.00	45.16
100.00	45.16
100.00	45.16
100.00	41.93
57.14	3.22
100.00	46.77
100.00	46.77
100.00	45.16
100.00	41.93
57.14	3.22
100.00	46.77
100.00	46.77
100.00	45.16
100.00	41.93
57.14	3.22
100.00	46.77
100.00	46.77
100.00	45.16
100.00	41.93
57.14	3.22
100.00	45.16
100.00	45.16
100.00	45.16
100.00	41.93
57.14	3.22
100.00	46.77
100.00	46.77
100.00	45.16
100.00	41.93
57.14	3.22
100.00	46.77
100.00	46.77
100.00	45.16
100.00	41.93
57.14	3.22
100.00	46.77
100.00	46.77
100.00	45.16
100.00	41.93
57.14	3.22
100.00	45.16
100.00	45.16
100.00	45.16
100.00	41.93
57.14	3.22
92.85	24.19
92.85	24.19
92.85	24.19
92.85	22.58
57.14	3.22
92.85	24.19
92.85	24.19
92.85	24.19
92.85	22.58
57.14	3.22
92.85	24.19
92.85	24.19
92.85	24.19
92.85	22.58
57.14	3.22
92.85	24.19
92.85	24.19
92.85	24.19
92.85	22.58
57.14	3.22
92.85	29.03
92.85	29.03
92.85	29.03
92.85	27.41
57.14	3.22
92.85	29.03
92.85	29.03
92.85	29.03
92.85	27.41
57.14	3.22
92.85	29.03
92.85	29.03
92.85	29.03
92.85	27.41
57.14	3.22
92.85	29.03
92.85	29.03
92.85	29.03
92.85	27.41
57.14	3.22
92.85	29.03
92.85	29.03
92.85	29.03
92.85	27.41
57.14	3.22
92.85	29.03
92.85	29.03
92.85	29.03
92.85	27.41
57.14	3.22
92.85	29.03
92.85	29.03
92.85	29.03
92.85	27.41
57.14	3.22
92.85	29.03
92.85	29.03
92.85	29.03
92.85	27.41
57.14	3.22
92.85	29.03
92.85	29.03
92.85	29.03
92.85	27.41
57.14	3.22
92.85	29.03
92.85	29.03
92.85	29.03
92.85	27.41
57.14	3.22
92.85	29.03
92.85	29.03
92.85	29.03
92.85	27.41
57.14	3.22
92.85	29.03
92.85	29.03
92.85	29.03
92.85	27.41
57.14	3.22
100.00	24.19
100.00	24.19
100.00	24.19
100.00	22.58
66.66	3.22
100.00	24.19
100.00	24.19
100.00	24.19
100.00	22.58
66.66	3.22
100.00	24.19
100.00	24.19
100.00	24.19
100.00	22.58
66.66	3.22
100.00	24.19
100.00	24.19
100.00	24.19
100.00	22.58
66.66	3.22
100.00	53.22
100.00	50.00
100.00	46.77
100.00	41.93
66.66	3.22
100.00	53.22
100.00	50.00
100.00	46.77
100.00	41.93
66.66	3.22
100.00	50.00
100.00	50.00
100.00	46.77
100.00	41.93
66.66	3.22
100.00	48.38
100.00	48.38
100.00	46.77
100.00	41.93
66.66	3.22
100.00	75.80
100.00	75.80
100.00	67.74
100.00	64.51
66.66	3.22
100.00	75.80
100.00	75.80
100.00	67.74
100.00	64.51
66.66	3.22
100.00	75.80
100.00	75.80
100.00	67.74
100.00	64.51
66.66	3.22
100.00	74.19
100.00	74.19
100.00	67.74
100.00	64.51
66.66	3.22
100.00	79.03
100.00	77.41
100.00	72.58
100.00	64.51
66.66	3.22
100.00	79.03
100.00	77.41
100.00	72.58
100.00	64.51
66.66	3.22
100.00	77.41
100.00	77.41
100.00	72.58
100.00	64.51
66.66	3.22
100.00	75.80
100.00	75.80
100.00	72.58
100.00	64.51
66.66	3.22
100.00	24.19
100.00	24.19
100.00	24.19
100.00	22.58
66.66	3.22
100.00	24.19
100.00	24.19
100.00	24.19
100.00	22.58
66.66	3.22
100.00	24.19
100.00	24.19
100.00	24.19
100.00	22.58
66.66	3.22
100.00	24.19
100.00	24.19
100.00	24.19
100.00	22.58
66.66	3.22
100.00	53.22
100.00	50.00
100.00	46.77
100.00	41.93
66.66	3.22
100.00	53.22
100.00	50.00
100.00	46.77
100.00	41.93
66.66	3.22
100.00	50.00
100.00	50.00
100.00	46.77
100.00	41.93
66.66	3.22
100.00	48.38
100.00	48.38
100.00	46.77
100.00	41.93
66.66	3.22
100.00	69.35
100.00	67.74
100.00	64.51
100.00	61.29
66.66	3.22
100.00	69.35
100.00	67.74
100.00	64.51
100.00	61.29
66.66	3.22
100.00	67.74
100.00	67.74
100.00	64.51
100.00	61.29
66.66	3.22
100.00	66.12
100.00	66.12
100.00	64.51
100.00	61.29
66.66	3.22
100.00	69.35
100.00	67.74
100.00	64.51
100.00	61.29
66.66	3.22
100.00	69.35
100.00	67.74
100.00	64.51
100.00	61.29
66.66	3.22
100.00	67.74
100.00	67.74
100.00	64.51
100.00	61.29
66.66	3.22
100.00	66.12
100.00	66.12
100.00	64.51
100.00	61.29
66.66	3.22
100.00	24.19
100.00	24.19
100.00	24.19
100.00	22.58
66.66	3.22
100.00	24.19
100.00	24.19
100.00	24.19
100.00	22.58
66.66	3.22
100.00	24.19
100.00	24.19
100.00	24.19
100.00	22.58
66.66	3.22
100.00	24.19
100.00	24.19
100.00	24.19
100.00	22.58
66.66	3.22
100.00	46.77
100.00	46.77
100.00	45.16
100.00	41.93
66.66	3.22
100.00	46.77
100.00	46.77
100.00	45.16
100.00	41.93
66.66	3.22
100.00	46.77
100.00	46.77
100.00	45.16
100.00	41.93
66.66	3.22
100.00	45.16
100.00	45.16
100.00	45.16
100.00	41.93
66.66	3.22
100.00	46.77
100.00	46.77
100.00	45.16
100.00	41.93
66.66	3.22
100.00	46.77
100.00	46.77
100.00	45.16
100.00	41.93
66.66	3.22
100.00	46.77
100.00	46.77
100.00	45.16
100.00	41.93
66.66	3.22
100.00	45.16
100.00	45.16
100.00	45.16
100.00	41.93
66.66	3.22
100.00	46.77
100.00	46.77
100.00	45.16
100.00	41.93
66.66	3.22
100.00	46.77
100.00	46.77
100.00	45.16
100.00	41.93
66.66	3.22
100.00	46.77
100.00	46.77
100.00	45.16
100.00	41.93
66.66	3.22
100.00	45.16
100.00	45.16
100.00	45.16
100.00	41.93
66.66	3.22
100.00	24.19
100.00	24.19
100.00	24.19
100.00	22.58
66.66	3.22
100.00	24.19
100.00	24.19
100.00	24.19
100.00	22.58
66.66	3.22
100.00	24.19
100.00	24.19
100.00	24.19
100.00	22.58
66.66	3.22
100.00	24.19
100.00	24.19
100.00	24.19
100.00	22.58
66.66	3.22
100.00	29.03
100.00	29.03
100.00	29.03
100.00	27.41
66.66	3.22
100.00	29.03
100.00	29.03
100.00	29.03
100.00	27.41
66.66	3.22
100.00	29.03
100.00	29.03
100.00	29.03
100.00	27.41
66.66	3.22
100.00	29.03
100.00	29.03
100.00	29.03
100.00	27.41
66.66	3.22
100.00	29.03
100.00	29.03
100.00	29.03
100.00	27.41
66.66	3.22
100.00	29.03
100.00	29.03
100.00	29.03
100.00	27.41
66.66	3.22
100.00	29.03
100.00	29.03
100.00	29.03
100.00	27.41
66.66	3.22
100.00	29.03
100.00	29.03
100.00	29.03
100.00	27.41
66.66	3.22
100.00	29.03
100.00	29.03
100.00	29.03
100.00	27.41
66.66	3.22
100.00	29.03
100.00	29.03
100.00	29.03
100.00	27.41
66.66	3.22
100.00	29.03
100.00	29.03
100.00	29.03
100.00	27.41
66.66	3.22
100.00	29.03
100.00	29.03
100.00	29.03
100.00	27.41
66.66	3.22
